index,gdp_growth_pct,inflation_pct,exchange_rate_aoa_usd,interest_rate_pct,unemployment_pct,oil_revenue_pct_gdp
gdp_growth_pct,1.0,-0.349,0.357,0.296,-0.35,0.233
inflation_pct,-0.349,1.0,0.255,0.598,0.684,-0.63
exchange_rate_aoa_usd,0.357,0.255,1.0,0.748,0.124,-0.388
interest_rate_pct,0.296,0.598,0.748,1.0,0.439,-0.561
unemployment_pct,-0.35,0.684,0.124,0.439,1.0,-0.919
oil_revenue_pct_gdp,0.233,-0.63,-0.388,-0.561,-0.919,1.0
